pelvis_tilt
-30.5238000000000
-30.3921000000000
-30.2736000000000
-30.1730000000000
-30.0930000000000
-30.0343000000000
-29.9957000000000
-29.9753000000000
-29.9709000000000
-29.9817000000000
-30.0079000000000
-30.0511000000000
-30.1144000000000
-30.2017000000000
-30.3168000000000
-30.4623000000000
-30.6385000000000
-30.8435000000000
-31.0731000000000
-31.3211000000000
-31.5796000000000
-31.8401000000000
-32.0955000000000
-32.3408000000000
-32.5739000000000
-32.7947000000000
-33.0039000000000
-33.2029000000000
-33.3936000000000
-33.5792000000000
-33.7629000000000
-33.9477000000000
-34.1351000000000
-34.3254000000000
-34.5175000000000
-34.7093000000000
-34.8975000000000
-35.0776000000000
-35.2439000000000
-35.3892000000000
-35.5061000000000
-35.5876000000000
-35.6275000000000
-35.6203000000000
-35.5621000000000
-35.4518000000000
-35.2916000000000
-35.0865000000000
-34.8443000000000
-34.5752000000000
-34.2906000000000
-34.0016000000000
-33.7172000000000
-33.4421000000000
-33.1777000000000
-32.9231000000000
-32.6774000000000
-32.4389000000000
-32.2060000000000
-31.9780000000000
-31.7576000000000
-31.5520000000000
-31.3714000000000
-31.2268000000000
-31.1261000000000
-31.0709000000000
-31.0557000000000
-31.0703000000000
-31.1029000000000
-31.1437000000000
-31.1864000000000
-31.2287000000000
-31.2719000000000
-31.3199000000000
-31.3776000000000
-31.4487000000000
-31.5349000000000
-31.6350000000000
-31.7449000000000
-31.8587000000000
-31.9699000000000
-32.0730000000000
-32.1639000000000
-32.2408000000000
-32.3042000000000
-32.3565000000000
-32.4017000000000
-32.4444000000000
-32.4893000000000
-32.5408000000000
-32.6030000000000
-32.6791000000000
-32.7713000000000
-32.8804000000000
-33.0058000000000
-33.1460000000000
-33.2981000000000
-33.4588000000000
-33.6229000000000
-33.7841000000000
-33.9349000000000
-34.0676000000000
-34.1755000000000
-34.2541000000000
-34.3017000000000
-34.3186000000000
-34.3067000000000
-34.2695000000000
-34.2120000000000
-34.1399000000000
-34.0590000000000
-33.9741000000000
-33.8884000000000
-33.8036000000000
-33.7209000000000
-33.6410000000000
-33.5645000000000
-33.4921000000000
-33.4236000000000
-33.3582000000000

ankle_angle_l
13.5221000000000
12.9651000000000
12.2749000000000
11.4371000000000
10.4344000000000
9.24603000000000
7.84986000000000
6.22521000000000
4.35986000000000
2.25693000000000
-0.0553312000000000
-2.51487000000000
-5.01828000000000
-7.42212000000000
-9.55381000000000
-11.2353000000000
-12.3198000000000
-12.7348000000000
-12.4973000000000
-11.6939000000000
-10.4356000000000
-8.81826000000000
-6.91301000000000
-4.78040000000000
-2.48419000000000
-0.0983813000000000
2.29791000000000
4.62793000000000
6.82233000000000
8.82392000000000
10.5971000000000
12.1323000000000
13.4372000000000
14.5240000000000
15.4021000000000
16.0833000000000
16.5860000000000
16.9369000000000
17.1699000000000
17.3210000000000
17.4196000000000
17.4855000000000
17.5271000000000
17.5364000000000
17.4912000000000
17.3612000000000
17.1156000000000
16.7363000000000
16.2265000000000
15.6114000000000
14.9322000000000
14.2373000000000
13.5752000000000
12.9882000000000
12.5024000000000
12.1221000000000
11.8426000000000
11.6715000000000
11.6385000000000
11.7821000000000
12.1204000000000
12.6402000000000
13.2997000000000
14.0294000000000
14.7419000000000
15.3616000000000
15.8450000000000
16.1852000000000
16.4044000000000
16.5416000000000
16.6370000000000
16.7202000000000
16.8077000000000
16.9049000000000
17.0056000000000
17.0941000000000
17.1510000000000
17.1665000000000
17.1433000000000
17.0949000000000
17.0375000000000
16.9851000000000
16.9447000000000
16.9133000000000
16.8762000000000
16.8116000000000
16.6974000000000
16.5206000000000
16.2995000000000
16.0740000000000
15.8661000000000
15.6703000000000
15.4745000000000
15.2683000000000
15.0400000000000
14.7785000000000
14.4774000000000
14.1374000000000
13.7667000000000
13.3765000000000
12.9798000000000
12.5860000000000
12.2010000000000
11.8278000000000
11.4683000000000
11.1240000000000
10.7960000000000
10.4865000000000
10.1932000000000
9.90787000000000
9.61991000000000
9.32119000000000
9.00979000000000
8.68270000000000
8.33142000000000
7.93917000000000
7.49263000000000
6.98290000000000
6.40403000000000
5.74422000000000

knee_angle_l
-13.1398000000000
-13.5582000000000
-14.0491000000000
-14.6281000000000
-15.3132000000000
-16.1213000000000
-17.0757000000000
-18.2003000000000
-19.5231000000000
-21.0696000000000
-22.8635000000000
-24.9150000000000
-27.2207000000000
-29.7560000000000
-32.4836000000000
-35.3514000000000
-38.2984000000000
-41.2500000000000
-44.1362000000000
-46.8936000000000
-49.4910000000000
-51.9300000000000
-54.2274000000000
-56.4003000000000
-58.4572000000000
-60.3906000000000
-62.1865000000000
-63.8219000000000
-65.2690000000000
-66.5003000000000
-67.4871000000000
-68.2088000000000
-68.6510000000000
-68.8018000000000
-68.6495000000000
-68.1984000000000
-67.4584000000000
-66.4573000000000
-65.2302000000000
-63.8242000000000
-62.2812000000000
-60.6464000000000
-58.9664000000000
-57.2810000000000
-55.6212000000000
-54.0169000000000
-52.4857000000000
-51.0523000000000
-49.7377000000000
-48.5653000000000
-47.5537000000000
-46.7150000000000
-46.0467000000000
-45.5234000000000
-45.0974000000000
-44.6938000000000
-44.2345000000000
-43.6479000000000
-42.8929000000000
-41.9611000000000
-40.8783000000000
-39.6994000000000
-38.4941000000000
-37.3279000000000
-36.2495000000000
-35.2973000000000
-34.4973000000000
-33.8544000000000
-33.3513000000000
-32.9503000000000
-32.5920000000000
-32.2160000000000
-31.7758000000000
-31.2489000000000
-30.6365000000000
-29.9630000000000
-29.2564000000000
-28.5546000000000
-27.8911000000000
-27.2891000000000
-26.7546000000000
-26.2788000000000
-25.8412000000000
-25.4156000000000
-24.9814000000000
-24.5178000000000
-24.0163000000000
-23.4711000000000
-22.9015000000000
-22.3311000000000
-21.7752000000000
-21.2354000000000
-20.7094000000000
-20.1947000000000
-19.6927000000000
-19.2032000000000
-18.7299000000000
-18.2731000000000
-17.8377000000000
-17.4193000000000
-17.0178000000000
-16.6296000000000
-16.2571000000000
-15.8989000000000
-15.5607000000000
-15.2476000000000
-14.9663000000000
-14.7287000000000
-14.5380000000000
-14.3963000000000
-14.3053000000000
-14.2681000000000
-14.2961000000000
-14.3966000000000
-14.5753000000000
-14.8223000000000
-15.1368000000000
-15.5274000000000
-16.0136000000000
-16.6105000000000

hip_flexion_l
22.1623000000000
21.5935000000000
21.0739000000000
20.6226000000000
20.2596000000000
20.0036000000000
19.8773000000000
19.9032000000000
20.1060000000000
20.5076000000000
21.1277000000000
21.9765000000000
23.0571000000000
24.3582000000000
25.8574000000000
27.5184000000000
29.2991000000000
31.1552000000000
33.0540000000000
34.9702000000000
36.8942000000000
38.8282000000000
40.7780000000000
42.7493000000000
44.7463000000000
46.7646000000000
48.7950000000000
50.8206000000000
52.8225000000000
54.7861000000000
56.6992000000000
58.5559000000000
60.3523000000000
62.0823000000000
63.7334000000000
65.2958000000000
66.7547000000000
68.0978000000000
69.3082000000000
70.3707000000000
71.2679000000000
71.9885000000000
72.5278000000000
72.8829000000000
73.0533000000000
73.0462000000000
72.8689000000000
72.5360000000000
72.0652000000000
71.4800000000000
70.8059000000000
70.0688000000000
69.2894000000000
68.4765000000000
67.6288000000000
66.7341000000000
65.7799000000000
64.7510000000000
63.6354000000000
62.4256000000000
61.1264000000000
59.7636000000000
58.3831000000000
57.0411000000000
55.7909000000000
54.6728000000000
53.7050000000000
52.8807000000000
52.1740000000000
51.5479000000000
50.9575000000000
50.3640000000000
49.7423000000000
49.0860000000000
48.4042000000000
47.7190000000000
47.0514000000000
46.4209000000000
45.8374000000000
45.3006000000000
44.7999000000000
44.3199000000000
43.8437000000000
43.3565000000000
42.8503000000000
42.3190000000000
41.7663000000000
41.1965000000000
40.6216000000000
40.0496000000000
39.4880000000000
38.9428000000000
38.4185000000000
37.9174000000000
37.4422000000000
36.9934000000000
36.5719000000000
36.1749000000000
35.7987000000000
35.4307000000000
35.0583000000000
34.6683000000000
34.2544000000000
33.8121000000000
33.3442000000000
32.8548000000000
32.3488000000000
31.8339000000000
31.3158000000000
30.8045000000000
30.3109000000000
29.8421000000000
29.4032000000000
28.9952000000000
28.6209000000000
28.2775000000000
27.9647000000000
27.6843000000000
27.4439000000000
27.2535000000000

ankle_angle_r
2.02524000000000
2.83724000000000
3.80964000000000
4.82318000000000
5.80495000000000
6.73199000000000
7.61065000000000
8.45400000000000
9.26784000000000
10.0520000000000
10.8106000000000
11.5496000000000
12.2689000000000
12.9558000000000
13.5909000000000
14.1506000000000
14.6090000000000
14.9399000000000
15.1254000000000
15.1612000000000
15.0576000000000
14.8294000000000
14.4897000000000
14.0472000000000
13.5093000000000
12.8837000000000
12.1807000000000
11.4142000000000
10.6010000000000
9.75548000000000
8.88803000000000
8.00783000000000
7.12407000000000
6.24364000000000
5.37359000000000
4.52434000000000
3.71192000000000
2.95162000000000
2.25269000000000
1.61745000000000
1.04420000000000
0.532150000000000
0.0813338000000000
-0.305075000000000
-0.622522000000000
-0.869157000000000
-1.04884000000000
-1.16704000000000
-1.23091000000000
-1.24840000000000
-1.23136000000000
-1.19511000000000
-1.15664000000000
-1.13552000000000
-1.15228000000000
-1.22645000000000
-1.37241000000000
-1.59596000000000
-1.88713000000000
-2.22366000000000
-2.58715000000000
-2.98448000000000
-3.45224000000000
-4.04718000000000
-4.83400000000000
-5.86707000000000
-7.17022000000000
-8.71064000000000
-10.3909000000000
-12.0612000000000
-13.5382000000000
-14.6347000000000
-15.1944000000000
-15.1256000000000
-14.4182000000000
-13.1355000000000
-11.3915000000000
-9.31607000000000
-7.03042000000000
-4.63855000000000
-2.23280000000000
0.104597000000000
2.30367000000000
4.31352000000000
6.10754000000000
7.68234000000000
9.05294000000000
10.2426000000000
11.2766000000000
12.1781000000000
12.9714000000000
13.6760000000000
14.3038000000000
14.8612000000000
15.3515000000000
15.7785000000000
16.1429000000000
16.4414000000000
16.6685000000000
16.8188000000000
16.8866000000000
16.8657000000000
16.7497000000000
16.5319000000000
16.2046000000000
15.7597000000000
15.1902000000000
14.4956000000000
13.6904000000000
12.8141000000000
11.9361000000000
11.1523000000000
10.5689000000000
10.2756000000000
10.3111000000000
10.6517000000000
11.2227000000000
11.9268000000000
12.6742000000000
13.3981000000000

knee_angle_r
-34.8294000000000
-35.3624000000000
-35.8548000000000
-36.3218000000000
-36.7877000000000
-37.2775000000000
-37.7945000000000
-38.3175000000000
-38.7983000000000
-39.1718000000000
-39.3793000000000
-39.3710000000000
-39.1289000000000
-38.6596000000000
-38.0046000000000
-37.2199000000000
-36.3741000000000
-35.5215000000000
-34.7033000000000
-33.9343000000000
-33.2079000000000
-32.4909000000000
-31.7407000000000
-30.9112000000000
-29.9834000000000
-28.9491000000000
-27.8209000000000
-26.6221000000000
-25.3778000000000
-24.1084000000000
-22.8350000000000
-21.5728000000000
-20.3351000000000
-19.1348000000000
-17.9899000000000
-16.9095000000000
-15.9023000000000
-14.9688000000000
-14.1105000000000
-13.3255000000000
-12.6059000000000
-11.9516000000000
-11.3594000000000
-10.8365000000000
-10.3866000000000
-10.0140000000000
-9.71738000000000
-9.49334000000000
-9.33561000000000
-9.24370000000000
-9.21318000000000
-9.24198000000000
-9.33258000000000
-9.47696000000000
-9.66426000000000
-9.88033000000000
-10.1151000000000
-10.3607000000000
-10.6180000000000
-10.8969000000000
-11.2189000000000
-11.6154000000000
-12.1223000000000
-12.7797000000000
-13.6233000000000
-14.6883000000000
-15.9960000000000
-17.5658000000000
-19.4087000000000
-21.5242000000000
-23.9086000000000
-26.5454000000000
-29.4032000000000
-32.4416000000000
-35.6120000000000
-38.8559000000000
-42.1093000000000
-45.3144000000000
-48.4184000000000
-51.3845000000000
-54.1815000000000
-56.7857000000000
-59.1756000000000
-61.3326000000000
-63.2426000000000
-64.8930000000000
-66.2737000000000
-67.3783000000000
-68.2097000000000
-68.7671000000000
-69.0570000000000
-69.0817000000000
-68.8417000000000
-68.3377000000000
-67.5677000000000
-66.5452000000000
-65.2894000000000
-63.8283000000000
-62.1924000000000
-60.4202000000000
-58.5520000000000
-56.6330000000000
-54.7132000000000
-52.8477000000000
-51.0863000000000
-49.4761000000000
-48.0560000000000
-46.8536000000000
-45.8789000000000
-45.1216000000000
-44.5543000000000
-44.1360000000000
-43.8118000000000
-43.5295000000000
-43.2355000000000
-42.8940000000000
-42.4904000000000
-42.0320000000000
-41.5457000000000
-41.0616000000000

hip_flexion_r
69.0850000000000
68.5195000000000
67.9133000000000
67.3044000000000
66.7229000000000
66.1848000000000
65.6864000000000
65.2088000000000
64.7202000000000
64.1819000000000
63.5601000000000
62.8279000000000
61.9804000000000
61.0315000000000
60.0197000000000
58.9923000000000
58.0011000000000
57.0830000000000
56.2595000000000
55.5296000000000
54.8763000000000
54.2666000000000
53.6642000000000
53.0336000000000
52.3582000000000
51.6287000000000
50.8490000000000
50.0300000000000
49.1846000000000
48.3247000000000
47.4643000000000
46.6136000000000
45.7813000000000
44.9752000000000
44.2049000000000
43.4729000000000
42.7802000000000
42.1205000000000
41.4867000000000
40.8680000000000
40.2491000000000
39.6204000000000
38.9715000000000
38.2986000000000
37.5973000000000
36.8684000000000
36.1144000000000
35.3401000000000
34.5516000000000
33.7612000000000
32.9803000000000
32.2223000000000
31.5009000000000
30.8183000000000
30.1706000000000
29.5489000000000
28.9453000000000
28.3528000000000
27.7700000000000
27.2028000000000
26.6699000000000
26.2024000000000
25.8391000000000
25.6238000000000
25.5949000000000
25.7826000000000
26.1986000000000
26.8437000000000
27.7067000000000
28.7652000000000
29.9930000000000
31.3590000000000
32.8299000000000
34.3779000000000
35.9821000000000
37.6270000000000
39.3013000000000
40.9992000000000
42.7132000000000
44.4382000000000
46.1657000000000
47.8869000000000
49.5910000000000
51.2673000000000
52.9064000000000
54.4987000000000
56.0353000000000
57.5090000000000
58.9184000000000
60.2602000000000
61.5365000000000
62.7456000000000
63.8830000000000
64.9416000000000
65.9092000000000
66.7815000000000
67.5546000000000
68.2266000000000
68.7925000000000
69.2486000000000
69.5896000000000
69.8128000000000
69.9198000000000
69.9187000000000
69.8187000000000
69.6325000000000
69.3732000000000
69.0543000000000
68.6858000000000
68.2731000000000
67.8171000000000
67.3150000000000
66.7588000000000
66.1441000000000
65.4666000000000
64.7311000000000
63.9500000000000
63.1401000000000
62.3202000000000
61.5048000000000